209010003
209010004
209010005
209010006
209010007
209010103
209010104
209010105
209010106
209010107
209010203
209010204
209010205
209010206
209010207
209010403
209010404
209010405
209010406
209010407
209010503
209010504
209010505
209010506
209010507
209011001
209011002
209011003
209011004
209011005
209011006
209011007
209012001
209012002
209012003
209012004
209012005
209012006
209012007
209013001
209013002
209013003
209013004
209013005
209013006
209013007
209010013
209010014
209010015
209010016
209010017
209010113
209010114
209010115
209010116
209010117
209010213
209010214
209010215
209010216
209010217
209010413
209010414
209010415
209010416
209010417
209010513
209010514
209010515
209010516
209010517
209011011
209011012
209011013
209011014
209011015
209011016
209011017
209012011
209012012
209012013
209012014
209012015
209012016
209012017
209013011
209013012
209013013
209013014
209013015
209013016
209013017
209010127
209011127
209011137
209011237
209011337
209011437
209011537
209011637
209012127
209012137
209012237
209012337
209012437
209012537
209012637
209013127
209013137
209013237
209013337
209013437
209013537
209013637
209040177
209040187
209040197
209040207
209040217
209040227
209040237
209040247
209040257
209040267
209040277
209040287
209050057
209050067
209050077
209050087
209060001
209060002
209060003
209060004
209070201
209070301
209070401
209020112
209030002
209030003
209030004
209030005
209030009
209030010
209030011
209030012
209030013
209030014
209030015
209030016
209030017
209030018
209030019
209030020
209030021
209030022
209030023